%Klist/Kgrid for plotting bandstructures

kaplot=[0,0,0;0.0166666500000000,0.0166666500000000,0;0.0333333000000000,0.0333333000000000,0;0.0499999500000000,0.0499999500000000,0;0.0666666000000000,0.0666666000000000,0;0.0833332500000000,0.0833332500000000,0;0.0999999000000000,0.0999999000000000,0;0.116666550000000,0.116666550000000,0;0.133333200000000,0.133333200000000,0;0.149999850000000,0.149999850000000,0;0.166666500000000,0.166666500000000,0;0.183333150000000,0.183333150000000,0;0.199999800000000,0.199999800000000,0;0.216666450000000,0.216666450000000,0;0.233333100000000,0.233333100000000,0;0.249999750000000,0.249999750000000,0;0.266666400000000,0.266666400000000,0;0.283333050000000,0.283333050000000,0;0.299999700000000,0.299999700000000,0;0.316666350000000,0.316666350000000,0;0.333333000000000,0.333333000000000,0;0.341666350000000,0.316666350000000,0;0.349999700000000,0.299999700000000,0;0.358333050000000,0.283333050000000,0;0.366666400000000,0.266666400000000,0;0.374999750000000,0.249999750000000,0;0.383333100000000,0.233333100000000,0;0.391666450000000,0.216666450000000,0;0.399999800000000,0.199999800000000,0;0.408333150000000,0.183333150000000,0;0.416666500000000,0.166666500000000,0;0.424999850000000,0.149999850000000,0;0.433333200000000,0.133333200000000,0;0.441666550000000,0.116666550000000,0;0.449999900000000,0.0999999000000000,0;0.458333250000000,0.0833332500000000,0;0.466666600000000,0.0666666000000000,0;0.474999950000000,0.0499999500000000,0;0.483333300000000,0.0333333000000000,0;0.491666650000000,0.0166666500000000,0;0.500000000000000,0,0;0.500000000000000,0,0.0250000000000000;0.500000000000000,0,0.0500000000000000;0.500000000000000,0,0.0750000000000000;0.500000000000000,0,0.100000000000000;0.500000000000000,0,0.125000000000000;0.500000000000000,0,0.150000000000000;0.500000000000000,0,0.175000000000000;0.500000000000000,0,0.200000000000000;0.500000000000000,0,0.225000000000000;0.500000000000000,0,0.250000000000000;0.500000000000000,0,0.275000000000000;0.500000000000000,0,0.300000000000000;0.500000000000000,0,0.325000000000000;0.500000000000000,0,0.350000000000000;0.500000000000000,0,0.375000000000000;0.500000000000000,0,0.400000000000000;0.500000000000000,0,0.425000000000000;0.500000000000000,0,0.450000000000000;0.500000000000000,0,0.475000000000000;0.500000000000000,0,0.500000000000000;0.475000000000000,0,0.500000000000000;0.450000000000000,0,0.500000000000000;0.425000000000000,0,0.500000000000000;0.400000000000000,0,0.500000000000000;0.375000000000000,0,0.500000000000000;0.350000000000000,0,0.500000000000000;0.325000000000000,0,0.500000000000000;0.300000000000000,0,0.500000000000000;0.275000000000000,0,0.500000000000000;0.250000000000000,0,0.500000000000000;0.225000000000000,0,0.500000000000000;0.200000000000000,0,0.500000000000000;0.175000000000000,0,0.500000000000000;0.150000000000000,0,0.500000000000000;0.125000000000000,0,0.500000000000000;0.100000000000000,0,0.500000000000000;0.0750000000000000,0,0.500000000000000;0.0500000000000000,0,0.500000000000000;0.0250000000000000,0,0.500000000000000;0,0,0.500000000000000;0,0,0.475000000000000;0,0,0.450000000000000;0,0,0.425000000000000;0,0,0.400000000000000;0,0,0.375000000000000;0,0,0.350000000000000;0,0,0.325000000000000;0,0,0.300000000000000;0,0,0.275000000000000;0,0,0.250000000000000;0,0,0.225000000000000;0,0,0.200000000000000;0,0,0.175000000000000;0,0,0.150000000000000;0,0,0.125000000000000;0,0,0.100000000000000;0,0,0.0750000000000000;0,0,0.0500000000000000;0,0,0.0250000000000000;0,0,0]

